//
/////////////////////////////////////////// SUNNY
//
// Amb            Amb_Obj        Amb_bl      Amb_Obj_bl     Dir            Sky top        Sky bot        SunCore        SunCorona      SunSz    SprSz    SprBght    Shdw    LightShd    PoleShd    FarClp    FogSt     radiosityIntensity    radiosityLimit    LightOnGround    LowCloudsRGB    TopCloudRGB    BottomCloudRGB    BlurRGB     WaterRGBA          blurAlpha    blurOffset
// Midnight
   119 119 119     95  95  95    21 32 50     37  36  36    101 102 118      9  11  15     33  29  34    255 255   0      5   0   0     1.0     1.5       5.1       148      99           0        1999.0      22.0    30                    146               1.5               19  12   0       0   0   0      0   0   0        5  1 30     13  13  13 156      39.5        2.05     
// 1AM
   116 116 116     95  95  95    22 32 50     36  35  35    100 102 118      7  10  15     32  25  33    207 206   9     18  10   5     1.0     1.5       1.0       122      98           0        1999.0     180.0    30                    147               1.5               40  26  16       0   0   0      0   0   0        4  1 30     15  15  13 158    39.625       2.062     
// 2AM
   113 113 113     95  95  95    24 33 50     35  35  35    100 103 118      6   9  16     30  22  32    159 157  19     31  20  11     1.0     1.5       1.0       122      98           0        1999.0     339.0    30                    147               1.5               62  40  32       0   0   0      0   0   0        3  0 30     18  16  14 161     39.75       2.075     
// 3AM
   110 110 110     95  95  95    25 33 50     34  34  34    100 104 118      4   8  17     30  19  32    111 108  29     44  30  17     1.0     1.6       1.0       122      98           0        1999.0     498.0    30                    148               1.5               83  54  48       0   0   0      0   0   0        2  0 30     21  18  15 163    39.875       2.087     
// 4AM
   108 108 108     95  95  95    27 34 50     34  34  34    100 105 119      3   8  18     51  16   2     63  59  39     58  41  23     1.0     1.6       1.0       123      99           0         953.0     -64.0    30                    149               1.5              105  68  64       0   0   0      0   0   0        2  0 30     24  20  17 166      40.0         2.1     
// 5AM
   121 119 139     95  95  95    64 46 24     44  43  43    255 230 202     99 168 188    255 221 112     62  50  29     58  40  21     5.6     1.7       1.0       123      99           0        1118.0     400.0    30                    169               1.5              187 140   0     255 255 255    185 168  80        0 33 15     66 101  74 171      39.0         2.1     
// 6AM
   150 150 150     90  90  90    58 42 23     54  53  52    252 230 195    110 179 197    208 176  68     82  56  25    103  68  35    10.1     1.0       1.0       139     100           0        1235.0     301.0    21                    103               0.8              100  47  35     255 255 255    204 167  76        0  0  0     33 111  89 164      39.0         2.1     
// 7AM
   185 185 128     90  90  90    52 39 23     64  63  61    249 231 189    121 190 207    173 183  98    102  62  22    148  96  49     9.9     1.0       1.0       155      50           0        1351.0     202.0    12                    135               0.5              125  81  71     255 255 255    207 176  79        0  0  0      1 122 105 158    39.167         2.1     
// 8AM
   190 190 134     90  90  90    52 39 23     75  73  70    246 232 183    133 201 216    138 191 128    132  75  17    169 101  49     9.8     1.0       1.0       155      50           0        1467.0     103.0    12                    134               0.5              151 116 108     255 255 255    210 186  83        0  0  0      1 122 105 158    39.333         2.1     
// 9AM
   196 196 141    100  90  85    52 40 24     81  79  75    244 233 177    144 212 226    104 199 159    162  88  13    190 107  50     9.8     1.0       1.0       171       0          30        1583.0       5.0    12                    135               1.0              177 151 145     255 255 255    214 195  87        0  0  0     11 124 112 151      39.5         2.1     
// 10AM
   202 202 148    100 100 100    53 41 24     88  85  80    241 234 171    156 223 235     69 206 189    193 101   8    211 112  51     9.6     1.0       1.0       188       0          60        1700.0      -1.0    11                    134               1.0              203 185 181     254 254 254    217 204  90        0  0  0     21 126 119 144    39.667         2.1     
// 11AM
   208 208 155    100 100 100    53 41 25     94  91  85    238 235 165    167 234 245     34 214 219    223 114   4    232 118  52     9.5     1.0       1.0       204       0          90        1816.0      37.0    12                    135               1.0              229 220 218     254 254 254    220 214  94        0  0  0     31 128 126 137    39.833         2.1     
// Amb            Amb_Obj        Amb_bl      Amb_Obj_bl     Dir            Sky top        Sky bot        SunCore        SunCorona      SunSz    SprSz    SprBght    Shdw    LightShd    PoleShd    FarClp    FogSt     radiosityIntensity    radiosityLimit    LightOnGround    LowCloudsRGB    TopCloudRGB    BottomCloudRGB    BlurRGB     WaterRGBA          blurAlpha    blurOffset
// Midday
   214 214 162    100 100 100    54 42 26    101  97  91    236 236 159    179 246 255      0 222 250    254 128   0    254 124  54     9.5     1.0       1.0       221       0         120        1932.0      53.0    11                    134               1.0              255 255 255     255 255 255    224 224  98        0  0  0     42 131 134 130      40.0         2.1     
// 1PM
   220 220 168    100 100 100    54 43 26     95  91  85    239 237 163    158 247 254      0 219 247    254 128   0    254 124  54     8.9     1.0       1.0       229       0         120        1914.0      69.0    11                    134               1.0              234 231 231     255 255 255    229 229 112        0  0  0     39 126 125 125      39.8         2.1     
// 2PM
   226 226 175    100 100 100    55 44 27     90  87  79    242 239 167    138 248 254      0 217 245    253 128   0    253 123  54     8.4     1.0       1.0       238       0         120        1896.0      60.0    11                    134               1.0              214 207 207     255 255 255    234 233 127        0  0  0     37 122 116 121      39.6         2.1     
// 3PM
   232 232 182    100 100 100    55 44 28     85  82  74    245 241 171    118 249 253      0 215 242    254 128   0    254 124  54     7.9     1.0       1.0       247       0         120        1877.0      51.0    11                    134               1.0              194 183 183     255 255 255    239 239 143        0  0  0     35 118 108 117      39.4         2.1     
// 4PM
   238 238 189    100 100 100    56 45 28     80  76  68    248 242 175     97 250 252      0 213 240    253 127   0    253 123  53     7.4     1.0       1.0       234       0         119        1859.0      33.0    11                    134               1.0              174 158 158     254 254 254    244 243 158        0  0  0     33 114  99 113      39.2         2.1     
// 5PM
   244 244 196    100 100 100    56 46 29     75  72  63    251 244 179     77 251 252      0 212 238    253 128   0    253 123  53     6.9     1.0       1.0       227       0         119        1841.0      24.0    11                    134               0.4              154 134 134     254 254 254    249 248 172        0  0  0     31 111  91 109      39.0         2.1     
// 6PM
   250 250 203    100 100 100    57 47 30    119 114  99    255 246 184     57 253 252    213 186  71    254 128   0    254 124  54     6.5     1.8       1.0       221       0         120        1823.0      24.0    12                    135               1.0              134 111 111     255 255 255    255 254 188        0  0  0     76 140 100 106      39.0       2.067     
// 7PM
    48  45  29    100 100 100    53 30  0     62  48  24    252 165  86    156 102 255    191 163  78    124  62   0    135  66  28    10.1     1.8       1.0       201      30          68        1877.0      23.0    60                    162               1.0              255  72   4     255 146  70    255 201  68        4  1 15     68  38   1 103      39.0       2.033     
// 8PM
   130 130 130     95  95  95    16 30 51     40  38  38    102  99 117     31  21  25     91  15  34     62  31   0     67  33  14     9.6     1.7       1.0       201      30          68        1938.0      23.0    30                    144               1.0              255 163  97      79  10  60     35   0  26        9  3 30     18  19  32 114      39.0         2.0     
// 9PM
   127 127 127    100 100 100    17 30 50     39  37  37    101  99 117      0   0   9     34  28  35      0   0   0      0   0   0     0.0     1.6       1.0       201      30          68        1999.0      23.0    30                    144               1.0               58  33  33       0   0   0      0   0   0        8  2 30      5   9  10 149    39.125       2.012     
// 10PM
   124 124 124     95  95  95    18 31 50     38  37  37    101 100 117      3   3  11     33  28  34     85  85   0      1   0   0     0.3     1.6       1.0       174      64          45        1999.0      22.0    30                    145               1.2               44  26  22       0   0   0      0   0   0        7  2 30      7  10  10 151     39.25       2.025     
// 11PM
   121 121 121     95  95  95    20 31 50     37  36  36    101 101 117      6   7  12     33  28  34    170 170   0      3   0   0     0.6     1.5       1.0       174      64          22        1999.0      22.0    30                    145               1.2               31  18  10       0   0   0      0   0   0        6  1 30     10  12  12 153    39.375       2.037     
//
/////////////////////////////////////////// CLOUDY
//
// Amb            Amb_Obj        Amb_bl      Amb_Obj_bl     Dir            Sky top        Sky bot        SunCore        SunCorona      SunSz    SprSz    SprBght    Shdw    LightShd    PoleShd    FarClp    FogSt     radiosityIntensity    radiosityLimit    LightOnGround    LowCloudsRGB    TopCloudRGB    BottomCloudRGB    BlurRGB     WaterRGBA          blurAlpha    blurOffset
// Midnight
    91  91  91     95  95  95    34 40 48     46  45  63    170 132  87      0   6  15     28  22  31     39  20   0     45  20   8     9.6     1.6       1.0       174      64          45        2186.0     228.0    49                    147               1.2               90  53  46       0   0  12      0   0  17        3  1  1      0  32  45 219      39.0         2.1     
// 1AM
    91  91  91     95  95  95    34 39 45     48  47  66    139 121  91      0   6  16     27  22  30     19   9   0     25  10   4     5.3     1.5       1.0       174      64          22        2080.0     174.0    49                    142               1.2               59  36  23       0   0  10      0   0  18        1  0  0      0  35  47 219      39.0         2.1     
// 2AM
    91  91  91     95  95  95    34 39 42     50  49  69    108 111  95      0   7  18     28  23  31      0   0   0      5   0   0     1.0     1.5       5.1       148      99           0        1974.0     119.0    49                    138               1.5               30  20   0       0   0   8      0   0  20        0  0  0      0  39  50 220      39.0         2.1     
// 3AM
    90  90  90     95  95  95    34 38 38     51  51  71    123 125 103      0   7  17     27  22  30     63  33   0     49  22   0     1.0     1.5       1.0       122      98           0        1868.0      65.0    50                    133               1.5               22  15   0       0   0   6      0   0  20        1  0  0      0  42  52 219      39.0         2.1     
// 4AM
    90  90  90     95  95  95    34 37 35     53  53  74    138 139 111      1   7  17     27  22  30    127  67   0     94  45   0     1.0     1.5       1.0       122      98           0        1762.0      11.0    50                    128               1.5               15  10   1       0   0   4      0   0  21        3  1  1      0  46  54 219      39.0         2.1     
// 5AM
    90  90  90     95  95  95    35 37 33     55  55  77    154 154 120      2   7  16     28  23  31    191 100   0    138  68   0     1.0     1.6       1.0       122      98           0        1656.0     -42.0    50                    124               1.5                8   6   2       0   0   2      0   0  22        5  2  2      0  50  57 220      39.0         2.1     
// 6AM
   143 143 143     95  95  95    42 43 29     44  44  44    216 225 255      3   7  16     26  41  44    255 134   0    183  91   0     1.0     1.6       1.0       123      99           0         953.0     -64.0    51                    174               1.5                3   3   3       0   0  16      0   0  24        7  3  3     21  75  83 219      39.0         2.1     
// 7AM
   121 119 139     95  95  95    50 50 26     56  56   0    255 255 255     99 168 188    147 135 100    156 156  91    157 106  56     6.8     1.7       1.0       123      99           0        1270.0      89.0    54                    164               1.5              255 233 169     245 238 255    185 168  80        9  3  3     43 101 109 219      39.0         2.1     
// 8AM
   150 133 131     90  90  90    49 36 21     66  66  38    254 254 254    174 180 177    194 171  96    188 146  60    189 112  43    12.6     1.0       1.0       139     100           0        1249.0     333.0    16                    128               0.8              100  34  25     246 240 254    192 178  98       11  4  4     87 118 125 220      39.0         2.1     
// 9AM
   154 140 138     90  90  90    50 37 22     76  76  76    253 253 253    179 184 187    180 170 114    221 136  30    221 119  30    12.8     1.0       1.0       155      50           0        1228.0     578.0    16                    128               0.5              125  69  62     247 242 254    200 188 116       12  5  5     72 116 123 219      39.0         2.1     
// 10AM
   158 146 145     90  90  90    51 38 24     80  80  78    251 251 251    185 189 198    166 169 132    254 127   0    254 126  18    13.0     1.0       1.0       155      50           0        1207.0     291.0    16                    128               0.5              151 105  99     249 245 254    208 198 135       14  6  6     58 115 122 219      39.0         2.1     
// 11AM
   163 154 152    100  90  85    52 39 26     85  84  81    251 251 251    191 194 209    152 168 150    254 127   0    254 125  27    13.1     1.0       1.0       171       0          30        1187.0       5.0    16                    128               1.0              177 142 137     250 247 254    216 209 153       16  6  6     43 114 121 220      39.0         2.1     
// Amb            Amb_Obj        Amb_bl      Amb_Obj_bl     Dir            Sky top        Sky bot        SunCore        SunCorona      SunSz    SprSz    SprBght    Shdw    LightShd    PoleShd    FarClp    FogSt     radiosityIntensity    radiosityLimit    LightOnGround    LowCloudsRGB    TopCloudRGB    BottomCloudRGB    BlurRGB     WaterRGBA          blurAlpha    blurOffset
// Midday
   167 160 159    100 100 100    54 40 28     90  89  84    249 249 249    196 198 219    138 167 167    254 127   0    254 125  36    13.3     1.0       1.0       188       0          60        1166.0      -1.0    16                    128               1.0              203 177 174     252 250 254    224 219 172       18  7  7     28 113 120 219      39.0         2.1     
// 1PM
   171 167 166    100 100 100    49 39 32     95  93  87    248 248 248    202 203 230    124 166 185    254 127   0    254 124  45    13.5     1.0       1.0       204       0          90        1145.0      37.0    16                    128               1.0              229 213 212     253 252 254    232 229 190       20  8  8     14 112 119 219    38.833         2.1     
// 2PM
   176 175 174    100 100 100    45 38 36    101  98  90    248 248 248    208 208 241    111 166 204    254 128   0    254 124  54    13.6     1.0       1.0       221       0         120        1124.0      53.0    16                    128               1.0              255 250 250     255 255 255    240 240 209       22  9  9      0 111 118 220    38.667         2.1     
// 3PM
   183 182 170    100 100 100    44 39 37     94  91  83    247 247 247    198 201 227    119 173 207    241 121   0    237 116  50    12.3     1.0       1.0       229       0         120        1129.0      69.0    16                    128               1.0              232 224 224     255 255 255    242 241 213       20  8  8      9 119 118 219      38.5         2.1     
// 4PM
   190 190 166    100 100 100    43 40 39     88  85  76    246 246 246    188 194 214    128 181 211    227 114   0    221 107  47    11.0     1.0       1.0       238       0         120        1135.0      60.0    15                    127               1.0              210 199 199     255 255 255    245 243 218       18  7  7     18 127 118 219    38.333         2.1     
// 5PM
   197 197 162    100 100 100    42 41 40     82  79  69    245 245 245    178 188 200    136 188 214    215 108   0    205 100  43     9.6     1.0       1.0       240       0         120        1140.0      42.0    16                    128               1.0              187 175 175     255 255 255    247 245 223       16  6  6     28 135 119 220    38.167         2.1     
// 6PM
   205 205 159    100 100 100    42 42 42     76  73  62    245 245 245    168 181 187    145 196 218    201 101   0    189  91  39     9.0     1.0       1.0       234       0         119        1145.0      33.0    16                    128               1.0              164 149 149     254 254 254    249 246 227       14  6  6     37 142 119 219      38.0         2.1     
// 7PM
   219 219 161    100 100 100    45 38 26     97  90  64    250 242 186    159 175 174    154 204 222    188  94   0    173  83  36     8.1     1.0       1.0       227       0         119        1150.0      -4.0    15                    127               0.4              142 124 124     254 254 254    252 248 232       12  5  5     46 150 119 219    38.167         2.1     
// 8PM
   233 233 164    100 100 100    49 35 11    119 108  67    255 240 128    133 149 148    127 203 176    176  88   0    157  76  33    11.3     1.8       1.0       221       0         120        1155.0       0.0    16                    128               1.0              120 100 100     255 255 255    255 250 237       11  4  4     56 159 120 220    38.333         2.1     
// 9PM
    48  45  29    100 100 100    56 49 40     62  48  24    252 165  86    255 131  87    255 106   9     99  50   0    107  52  22    11.0     1.8       1.0       201      30          68         679.0       3.0    32                    129               1.0              255 148 148     255 229 211    255 104   4        9  3  3    243 137   4 219      38.5         2.1     
// 10PM
    92  92  92     95  95  95    43 10  8     52  16   6    233 153  80    111  52  49    249 102  90     79  40   0     86  41  17    12.5     1.7       1.0       201      30          68        2076.0       7.0    40                    140               1.0              255 149 117     255 165 133    141   0  29        7  2  2      0  25  41 219    38.667         2.1     
// 11PM
    92  92  92    100 100 100    34 41 51     45  44  61    201 142  83      0   6  14     28  23  31     59  30   0     66  31  13    14.0     1.6       1.0       201      30          68        2292.0     282.0    49                    152               1.0              120  70  70       0   0  15      0   0  17        5  2  2      0  28  43 220    38.833         2.1     
//
/////////////////////////////////////////// RAINY
//
// Amb            Amb_Obj        Amb_bl      Amb_Obj_bl     Dir            Sky top        Sky bot        SunCore        SunCorona      SunSz    SprSz    SprBght    Shdw    LightShd    PoleShd    FarClp    FogSt     radiosityIntensity    radiosityLimit    LightOnGround    LowCloudsRGB    TopCloudRGB    BottomCloudRGB    BlurRGB     WaterRGBA          blurAlpha    blurOffset
// Midnight
    74  74  94     95  95  95    32 32 41     44  45  50    231 233 239     40  39  43     13  27  24    100  98  10     10   6   6     3.2     2.2       1.0       174      64          45         785.0      18.0    27                    132               1.2               90  53  46       6   6  24      2   2  17        3  1  1      8  45  39 219      39.0         2.1     
// 1AM
    75  75  95     95  95  95    34 34 40     47  48  59    231 234 247     23  25  27     18  26  30    177 176   5      7   2   2     2.1     2.1       1.0       174      64          22         835.0      20.0    29                    134               1.2               59  36  23      10  10  27      4   4  16        1  0  0     12  53  49 219    38.857         2.1     
// 2AM
    76  76  96     95  95  95    36 36 40     51  53  69    231 236 255      7  11  11     23  26  36    255 255   0      5   0   0     1.0     2.1       5.1       148      99           0         885.0      22.0    31                    135               1.5               30  20   0      14  14  30      7   7  15        0  0  0     17  60  58 220    38.714         2.1     
// 3AM
    76  76  97     95  95  95    38 38 38     48  50  68    239 242 255     11  14  14     21  24  37    255 255   0     58  27   0     0.9     2.1       1.0       122      98           0         902.0       9.0    33                    137               1.5               69  50   0      18  18  33      8   8  14        1  0  0     21  68  68 219    38.571         2.1     
// 4AM
    77  77  98     95  95  95    40 40 37     46  48  67    246 248 254     15  17  17     19  22  38    255 255   0    112  54   0     0.9     2.1       1.0       122      98           0         919.0      -2.0    35                    138               1.5              108  80   0      22  22  36     10  10  13        3  1  1     25  76  78 219    38.429         2.1     
// 5AM
    79  79 100     95  95  95    43 43 37     44  47  67    255 255 255     20  21  21     18  21  40    255 255   0    165  81   0     1.0     2.2       1.0       122      98           0         936.0     -15.0    38                    140               1.5              147 110   0      26  26  40     13  13  13        5  2  2     30  84  88 220    38.286         2.1     
// 6AM
   121 119 139     95  95  95    46 46 46     42  42  20    240 241 241    142 147 152    255 221 112    255 255   0    219 109   0     3.2     1.7       1.0       123      99           0         953.0     -28.0    31                    135               1.5              187 140   0     112 133 161    144 130  62        7  3  3     43  96 102 220    38.143         2.1     
// 7AM
    97  97 104     90  90  90    33 31 16     53  53  48    226 228 228    141 147 151    139 125  78    255 197 139    255 178 100    12.6     1.0       1.0       139     100           0         974.0     -40.0    23                    103               0.8              100  34  25     129 148 172    152 140  73        9  3  3     49  99 105 220      38.0         2.1     
// 8AM
   112 108 109     90  90  90    39 31 14     65  65  76    212 215 215    140 147 151    141 128  84    254 187 119    254 170  93    12.8     1.0       1.0       155      50           0         995.0       0.0    22                    102               0.5              122  64  57     147 163 184    161 150  85       11  4  4     55 103 108 220      38.2         2.1     
// 9AM
   127 119 114     90  90  90    46 31 12     67  69  78    198 202 202    140 147 151    143 131  91    254 176  98    254 162  86    12.9     1.0       1.0       155      50           0        1017.0       0.0    22                    103               0.5              144  95  89     165 178 196    169 160  96       12  5  5     61 106 111 219      38.4         2.1     
// 10AM
   126 119 115     90  90  90    45 31 12     70  72  80    184 189 189    139 147 150    145 134  98    254 167  79    254 154  80    13.1     1.0       1.0       155      50           0        1038.0       0.0    22                    102               0.5              166 126 121     183 194 208    178 171 108       14  6  6     67 110 114 220      38.6         2.1     
// 11AM
   127 120 116    100  90  85    44 32 13     73  77  82    170 176 176    139 147 150    147 137 105    254 156  58    254 146  73    13.2     1.0       1.0       171       0          30        1060.0       5.0    22                    103               1.0              188 157 153     201 209 219    186 181 119       16  6  6     73 113 117 220      38.8         2.1     
// Amb            Amb_Obj        Amb_bl      Amb_Obj_bl     Dir            Sky top        Sky bot        SunCore        SunCorona      SunSz    SprSz    SprBght    Shdw    LightShd    PoleShd    FarClp    FogSt     radiosityIntensity    radiosityLimit    LightOnGround    LowCloudsRGB    TopCloudRGB    BottomCloudRGB    BlurRGB     WaterRGBA          blurAlpha    blurOffset
// Midday
   126 121 117    100 100 100    44 33 14     75  80  84    156 163 163    138 147 150    150 141 112    254 146  39    254 138  66    13.4     1.0       1.0       188       0          60        1081.0      -1.0    22                    103               1.0              210 188 185     219 224 231    195 191 131       18  7  7     79 117 120 219      39.0         2.1     
// 1PM
   126 121 118    100 100 100    43 33 15     78  84  86    142 150 150    138 148 150    152 144 119    254 137  19    254 131  60    13.5     1.0       1.0       204       0          90        1103.0       0.0    22                    103               1.0              232 219 217     237 239 243    203 201 142       20  8  8     85 120 123 219    38.875         2.1     
// 2PM
   126 122 119    100 100 100    42 34 16     81  89  89    128 137 137    137 148 149    154 147 125    254 234 215    254 240 233    13.6     1.0       1.0       221       0         120        1124.0       1.0    22                    102               1.0              255 250 250     255 255 255    212 212 154       22  9  9     92 124 126 220     38.75         2.1     
// 3PM
   126 123 121    100 100 100    42 35 16     77  84  85    149 156 156    136 148 149    156 150 132    254 127   0    254 124  54    12.3     1.0       1.0       229       0         120        1129.0       3.0    22                    102               1.0              232 224 224     254 254 254    219 214 150       20  8  8     82 120 117 219    38.625         2.1     
// 4PM
   126 124 122    100 100 100    41 36 17     74  79  82    170 176 176    136 148 149    159 154 139    253 127   0    253 123  53    11.0     1.0       1.0       238       0         120        1135.0       5.0    22                    102               1.0              210 199 199     254 254 254    226 216 147       18  7  7     73 116 109 220      38.5         2.1     
// 5PM
   126 124 123    100 100 100    40 36 18     70  75  79    191 196 196    135 148 148    161 157 146    253 127   0    253 124  53     9.6     1.0       1.0       240       0         120        1140.0       6.0    22                    102               1.0              187 175 175     254 254 254    233 218 145       16  6  6     64 112 101 219    38.375         2.1     
// 6PM
   126 125 124    100 100 100    40 37 19     66  70  76    212 215 215    135 148 148    163 160 153    253 127   0    253 123  53     9.3     1.0       1.0       234       0         119        1145.0       8.0    22                    102               1.0              164 149 149     253 253 253    240 220 141       14  5  5     54 108  92 219     38.25         2.1     
// 7PM
   126 126 125    100 100 100    39 38 20     63  65  73    233 235 235    134 148 148    165 163 160    253 127   0    253 123  53     8.9     1.0       1.0       227       0         119        1150.0      10.0    22                    102               0.4              142 124 124     253 253 253    247 222 138       12  4  4     45 104  84 219    38.125         2.1     
// 8PM
   127 127 127    100 100 100    39 39 21     60  61  70    255 255 255    134 149 148    168 167 167    254 128   0    254 124  54     8.6     1.8       1.0       221       0         120        1155.0      12.0    22                    103               1.0              120 100 100     253 253 253    255 225 136       10  3  3     36 101  76 219      38.0         2.1     
// 9PM
    52  48  30    100 100 100    39 33 23     44  34  17    150  98  51    158 109 255    255 194  10    158  89  19    161  88  53     5.5     2.0       1.0       201      30          68         636.0      13.0    49                    150               1.0              120  70  70     255 146  70    255 177   0        8  2  2     89  50  63 220     38.25         2.1     
// 10PM
    62  60  61     95  95  95    34 31 33     42  37  29    242 198 159     76  73  81     84  74  28     62  50  38     68  53  53     5.5     2.2      24.6       201      30          68         686.0      15.0    23                    130               1.0              120  70  70      64  64  87     70  70 131        7  2  2      0  30  20 219      38.5         2.1     
// 11PM
    73  73  93    100 100 100    30 30 43     41  41  41    232 232 232     57  54  60      9  28  19     23  20  16     14   9   9     4.4     2.1       1.0       201      30          68         735.0      17.0    25                    131               1.0              120  70  70       3   3  21      1   1  18        5  1  1      4  37  29 219     38.75         2.1     
//
/////////////////////////////////////////// FOGGY
//
// Amb            Amb_Obj        Amb_bl      Amb_Obj_bl     Dir            Sky top        Sky bot        SunCore        SunCorona      SunSz    SprSz    SprBght    Shdw    LightShd    PoleShd    FarClp    FogSt     radiosityIntensity    radiosityLimit    LightOnGround    LowCloudsRGB    TopCloudRGB    BottomCloudRGB    BlurRGB     WaterRGBA          blurAlpha    blurOffset
// Midnight
    76  76  68     95  95  95    17 48 58     29  42  26    210 208 162      0   9  17     31  29  38    154 140   0     64   0   0     9.6     1.6       1.0       174      64          45         871.0      10.0    29                    126               1.2               90  53  46     129 126 121     91  80  77        1  0 39      7  15  19 219      39.0         2.1     
// 1AM
    76  76  68     95  95  95    17 48 58     30  42  25    202 200 154      0   8  16     30  29  38    204 197   0     34   0   0     5.3     1.5       1.0       174      64          22         898.0       3.0    29                    127               1.2               59  36  23      76  78  77     46  41  39        0  0 38      5  14  18 219      39.0         2.1     
// 2AM
    76  76  68     95  95  95    17 48 58     30  42  24    195 192 146      1   8  16     29  29  37    255 255   0      5   0   0     1.0     1.5       1.6       148      99           0         925.0      -2.0    29                    126               1.5               30  20   0      23  32  33      3   3   3        0  0 38      4  14  17 220      39.0         2.1     
// 3AM
    76  76  68     95  95  95    17 48 58     30  42  23    188 184 138      1   7  15     27  28  36    229 203   0     32  14   0     0.9     1.5       1.0       122      98           0         957.0     -23.0    29                    126               1.5               30  20   0      23  32  33      3   3   3        1  0 29      2  13  16 219      39.0         2.1     
// 4AM
    76  76  68     95  95  95    17 48 58     31  42  22    180 176 130      1   6  14     27  28  36    204 151   0     59  28   0     0.9     1.5       1.0       122      98           0         988.0     -43.0    30                    126               1.5               30  20   0      23  32  33      3   3   3        3  1 20      1  13  15 219      39.0         2.1     
// 5AM
    76  76  68     95  95  95    17 48 58     31  42  21    173 168 122      2   6  14     26  28  36    179  99   0     86  42   0     1.0     1.6       1.0       122      98           0        1019.0     -63.0    28                    126               1.5               30  20   0      23  32  33      3   3   3        5  2 11      0  13  15 220      39.0         2.1     
// 6AM
    76  76  68     95  95  95    17 48 59     32  42  20    166 160 115     45  58  57    105  86  60    154  48   0    113  56   0     9.0     1.6       1.0       123      99           0         927.0     -64.0    26                    127               1.5               30  20   0      23  32  33      3   3   3        7  3  3     51  32  21 220      39.0         2.1     
// 7AM
    82  81  94     95  95  95    33 37 18     56  56  31    255 230 202    135 176 166    255 200 112    255 255   0    219 109   0     1.0     1.7       1.0       123      99           0         935.0     -58.0    24                    112               1.5               30  20   0      23  32  33      3   3   3        9  3 41      2 111 125 220    38.667         2.1     
// 8AM
   150 138 137     90  90  90    43 41 28     59  58  33    254 233 207    161 226 255    208 176  68    255 128   0    255 128   0     9.5     1.0       1.0       255     100           0         918.0     -53.0    22                     98               0.8              100  34  25      50  50  50    120  92  88       10  3 36      2 122 137 220    38.333         2.1     
// 9AM
   162 151 148     90  90  90    46 44 31     62  60  35    254 237 213    164 192 203    200 183 122    254 128   0    254 127   9     9.7     1.0       1.0       255      50           0         883.0     -47.0    14                     99               0.5              103  45  37      84  84  84    120  96  93       12  4 31      1 125 139 219      38.0         2.1     
// 10AM
   175 165 160     90  90  90    51 47 34     65  62  37    254 240 220    165 197 208    196 181 126    254 128   0    254 126  18     9.9     1.0       1.0       255      50           0         883.0     -42.0    14                     98               0.5              106  55  49     118 118 118    120 101  98       14  5 27      1 129 142 219    38.333         2.1     
// 11AM
   187 178 172    100  90  85    55 50 38     67  63  39    254 244 225    166 202 213    192 180 130    254 128   0    254 126  27    10.2     1.0       1.0       255       0          30         901.0     -36.0    14                     98               1.0              110  67  62     152 152 152    120 106 104       16  6 22      1 133 145 219    38.667         2.1     
// Amb            Amb_Obj        Amb_bl      Amb_Obj_bl     Dir            Sky top        Sky bot        SunCore        SunCorona      SunSz    SprSz    SprBght    Shdw    LightShd    PoleShd    FarClp    FogSt     radiosityIntensity    radiosityLimit    LightOnGround    LowCloudsRGB    TopCloudRGB    BottomCloudRGB    BlurRGB     WaterRGBA          blurAlpha    blurOffset
// Midday
   199 191 183    100 100 100    59 52 41     70  65  41    254 247 231    167 208 219    189 178 135    254 127   0    254 125  36    10.4     1.0       1.0       255       0          60         919.0     -31.0    13                     98               1.0              113  77  74     186 186 186    119 110 109       18  7 18      0 137 147 219      39.0         2.1     
// 1PM
   212 205 195    100 100 100    62 55 44     73  67  43    254 251 237    168 213 224    185 177 139    254 128   0    254 124  44    10.7     1.0       1.0       254       0          90         902.0     -25.0    13                     99               1.0              116  88  87     220 220 220    119 115 114       20  8 13      0 141 150 219    38.889         2.1     
// 2PM
   225 219 207    100 100 100    67 59 48     77  70  46    255 255 244    170 219 230    182 176 144    254 128   0    254 124  54    11.0     1.0       1.0       255       0         120         885.0     -20.0    13                     98               1.0              120 100 100     255 255 255    120 120 120       22  9  9      0 145 153 219    38.778         2.1     
// 3PM
   231 226 207    100 100 100    61 54 44     74  68  48    255 253 228    168 217 226    177 173 140    253 128   0    253 123  53    10.5     1.0       1.0       254       0         120         869.0     -14.0    13                     98               1.0              120 100 100     255 255 255    120 120 120       18  7 15      9 147 147 219    38.667         2.1     
// 4PM
   237 233 208    100 100 100    55 49 40     72  67  50    255 251 213    167 215 222    173 170 136    253 128   0    253 124  53    10.1     1.0       1.0       254       0         120         852.0      -8.0    13                     98               1.0              120 100 100     255 255 255    120 120 120       14  5 22     19 149 141 219    38.556         2.1     
// 5PM
   242 240 209    100 100 100    49 44 37     70  66  53    254 248 199    166 214 218    169 167 132    253 127   0    253 123  53     9.6     1.0       1.0       255       0         120         835.0      -3.0    13                     98               1.0              119  99  99     254 254 254    119 119 119       11  4 29     28 151 135 220    38.444         2.1     
// 6PM
   248 247 210    100 100 100    43 39 33     68  65  55    254 246 183    165 212 214    165 164 128    253 127   0    253 123  53     9.0     1.0       1.0       254       0         119         818.0       2.0    13                     98               1.0              119  99  99     254 254 254    119 119 119        7  2 36     38 153 129 219    38.333         2.1     
// 7PM
   255 255 211    100 100 100    38 35 30     66  64  58    255 245 169    164 211 211    162 162 125    254 128   0    254 124  54     8.1     1.0       1.0       254       0         119         801.0       7.0    13                     98               0.4              120 100 100     255 255 255    120 120 120        4  1 43     48 156 124 219    38.222         2.1     
// 8PM
   151 150  99    100 100 100    53 32  3     65  60  50    255 240 217    132 198 255    255 212 103    254 128   0    254  62  27    10.3     1.8       1.0       255       0         120         785.0      13.0    14                     99               1.0              120  85  85     219 214 210    127 119 117        3  0 42    145 146  64 219    38.111         2.1     
// 9PM
    52  50  43    100 100 100    53 38 19     62  48  24    252 165  86    109  66 174    255 104   8    255 128   0    255   0   0    12.5     1.8       1.0       201      30          68         800.0      18.0    60                    125               1.0              120  70  70     183 173 166    135 119 114        2  0 41    243 137   4 219      38.0         2.1     
// 10PM
    77  76  69     95  95  95    18 49 58     29  42  29    225 225 178      0  11  19     56  45  44     53  26   0    123   0   0     5.0     1.7       1.0       201      30          68         816.0      24.0    44                    126               1.0              120  70  70     183 173 166    135 119 114        2  0 40     10  16  21 219    38.333         2.1     
// 11PM
    76  76  68    100 100 100    17 48 58     29  42  27    217 216 170      0  10  18     32  30  39    103  83   0     93   0   0    14.0     1.7       1.0       201      30          68         843.0      17.0    29                    127               1.0              120  70  70     183 173 166    135 119 114        1  0 40      8  15  20 219    38.667         2.1     
//
/////////////////////////////////////////// EXTRASUNNY
//
// Amb            Amb_Obj        Amb_bl      Amb_Obj_bl     Dir            Sky top        Sky bot        SunCore        SunCorona      SunSz    SprSz    SprBght    Shdw    LightShd    PoleShd    FarClp    FogSt     radiosityIntensity    radiosityLimit    LightOnGround    LowCloudsRGB    TopCloudRGB    BottomCloudRGB    BlurRGB     WaterRGBA          blurAlpha    blurOffset
// Midnight
    70  70  70     95  95  95    42 29 22     39  39  36    186 184 182     22   7  24     45  30  21     85  85   0      1   0   0     9.6     2.6       1.0       174      64          45        1999.0     227.0    44                    118               1.2               90  53  46     129 126 121     91  80  77        5  1  1      0  15  23 219      38.5         2.1     
// 1AM
    71  71  71     95  95  95    42 30 22     41  41  35    186 184 183     18   7  22     43  30  23    170 170   0      3   0   0     5.3     2.6       1.0       174      64          22        1998.0     316.0    44                    120               1.2               59  36  23      76  78  77     46  41  39        4  0  0      0  15  19 219     38.75         2.1     
// 2AM
    73  73  73     95  95  95    42 31 22     43  43  34    184 183 182     14   7  20     40  30  23    255 255   0      5   0   0     1.0     2.7       4.0       148      99           0        1998.0     406.0    44                    122               1.5               30  20   0      23  32  33      3   3   3        4  0  0      0  16  16 220      39.0         2.1     
// 3AM
    74  74  74     95  95  95    42 31 22     45  45  33    183 183 182     10   7  18     38  30  24    127 127   0      2   0   0     1.0     2.4      24.6       122      98           0        1997.0     495.0    44                    124               1.5               30  19   0      22  32  33      3   3   3        3  0  0      0  14  14 219      39.0         2.1     
// 4AM
    75  75  75     95  95  95    42 32 22     48  48  33    183 183 183      7   7  17     36  31  26      0   0   0      0   0   0     1.0     2.2      24.6       122      98           0        1996.0     585.0    44                    126               1.5               29  19   0      22  31  32      2   2   2        3  0  0      1  11  13 219      39.0         2.1     
// 5AM
    77  77  77     95  95  95    42 33 22     65  55  40    205 192 154     26  14  13     61  20  14     19  19  19     82  40   0     7.8     1.9       1.0       123      99           0         953.0     674.0    44                    128               1.5               30  20   0      23  32  33      3   3   3        5  2  2      2  10  12 220      39.0         2.1     
// 6AM
   121 119 139     95  95  95    35 35 24     50  39  37    255 230 202     99 168 188    255 178  38    255 255   0    219 109   0    10.2     1.7       1.0       255      99           0         953.0      75.0    38                    115               1.5               30  20   0      23  32  33      3   3   3        6  2  2     16  64  51 220      38.5         2.1     
// 7AM
   200 192 183     90  90  90    54 46 34     65  60  59    255 233 203    130 176 255    208 176  68    255 128   0    255 128   0    12.6     1.0       1.0       255     100           0         939.0      64.0    31                    170               0.8              100  34  25      50  50  50    120  92  88        8  3  3     51  79  91 219      38.0         2.1     
// 8AM
   197 189 180     90  90  90    53 45 33     81  81  81    255 236 205    118 170 254    184 182 147    254 128   0    254 127   7    12.8     1.0       1.0       255      50           0         925.0      53.0    26                    144               0.5              102  43  35      79  79  79    119  95  92       10  4  4     43  85  98 219      39.0         2.1     
// 9AM
   194 187 178     90  90  90    53 45 33     84  84  84    255 239 207    107 164 254    172 182 155    254 128   0    254 126  15    12.9     1.0       1.0       255      50           0         912.0      43.0    25                    144               0.5              105  52  46     108 108 108    120 100  97       12  5  5     36  91 105 219      39.0         2.1     
// 10AM
   192 186 176     90  90  90    53 44 33     88  88  88    255 242 209     96 158 254    161 182 164    254 128   0    254 126  23    13.1     1.0       1.0       255      50           0         898.0      32.0    25                    144               0.5              108  62  57     137 137 137    119 104 101       14  5  5     29  98 113 219      39.0         2.1     
// 11AM
   189 183 173     95  95  95    53 44 32     91  91  91    255 245 211     85 152 254    150 183 172    254 127   0    254 125  30    13.2     2.5      12.6       254      99           0         885.0      22.0    26                    144               1.5              111  71  67     167 167 167    119 107 106       16  6  6     21 104 120 219      39.0         2.1     
// Amb            Amb_Obj        Amb_bl      Amb_Obj_bl     Dir            Sky top        Sky bot        SunCore        SunCorona      SunSz    SprSz    SprBght    Shdw    LightShd    PoleShd    FarClp    FogSt     radiosityIntensity    radiosityLimit    LightOnGround    LowCloudsRGB    TopCloudRGB    BottomCloudRGB    BlurRGB     WaterRGBA          blurAlpha    blurOffset
// Midday
   187 181 171    100 100 100    53 43 32     94  94  94    255 248 213     75 146 254    138 183 180    254 127   0    254 125  38    13.4     1.0       1.0       255       0          40        1296.0      13.0    25                    144               1.0              114  81  78     196 196 196    119 111 110       18  7  7     14 111 128 219      39.0         2.1     
// 1PM
   184 179 169    100 100 100    53 43 32     98  98  98    255 251 215     63 140 254    127 183 189    254 127   0    254 124  46    13.5     1.0       1.0       254       0          80        1707.0       3.0    26                    143               1.0              117  90  89     225 225 225    119 115 115       20  8  8      7 117 135 219      39.0         2.1     
// 2PM
   182 178 167    100 100 100    53 43 32    102 102 102    255 255 217     53 135 255    116 184 198    254 128   0    254 124  54    13.6     1.0       1.0       254       0         120        2118.0      -5.0    26                    144               1.0              120 100 100     255 255 255    120 120 120       22  9  9      0 124 143 220      39.0         2.1     
// 3PM
   185 182 168    100 100 100    50 42 33     98  98  98    255 254 215     52 142 254    108 182 196    254 138  20    254 127  46    12.3     1.0       1.0       255       0         120        2069.0       1.0    25                    143               1.0              120 100 100     255 255 255    120 120 120       19  7  7      9 129 139 219      39.0         2.1     
// 4PM
   189 187 169    100 100 100    47 41 34     95  95  95    255 253 213     52 150 254    101 181 194    253 148  40    253 129  38    11.0     1.0       1.0       254       0         120        2020.0       8.0    25                    143               1.0              120  99  99     255 255 255    120 120 120       17  6  6     18 134 135 219      39.0         2.1     
// 5PM
   192 191 170    100 100 100    44 40 35     91  91  91    255 252 211     52 158 253     94 179 192    254 158  61    254 133  30     9.6     1.0       1.0       254       0         120        1970.0      14.0    26                    144               1.0              120 100 100     255 255 255    120 120 120       15  5  5     28 140 131 219      39.0         2.1     
// 6PM
   196 196 172    100 100 100    42 39 37     87  87  87    254 250 209     51 165 252     87 178 190    253 168  81    253 135  22     9.0     1.0       1.0       255       0         119        1921.0      21.0    25                    143               1.0              119  99  99     254 254 254    119 119 119       13  4  4     37 145 126 219      39.0         2.1     
// 7PM
   189 186 167    100 100 100    43 39 35     84  84  84    254 249 207     51 173 252     81 177 189    253 178 101    253 138  14     8.1     1.0       1.0       227       0         119        1872.0      28.0    25                    143               0.4              119  99  99     254 254 254    119 119 119       11  4  4     46 151 123 219      39.0         2.1     
// 8PM
   182 176 163    100 100 100    44 39 33     81  81  81    255 249 206     51 181 252    123 149 122    254 189 122    254 142   7     8.8     1.8       1.0       221       0         120        1823.0      35.0    26                    144               1.0              120 100 100     255 255 255    120 120 120        9  2  2     56 157 119 219      39.0         2.1     
// 9PM
    76  71  45    100 100 100    68 49 25     62  48  24    252 165  86    107 212 255    255 179   9    160  90  20    116  39  39     9.5     1.7       5.3       201      30          68         873.0      41.0    36                    140               1.0              120  70  70     183 173 166    135 119 114        7  2  2     74  77  44 219      39.0         2.1     
// 10PM
    48  48  48     95  95  95    62 40 34     52  40  20    233 153  80    255  83   0    255 139   0     99  62  25    122  50  50     7.1     2.5       4.0       201      30          68        1030.0      48.0    47                    136               1.0              120  70  70     183 173 166    135 119 114        6  1  1     37  46  36 219      38.0         2.1     
// 11PM
    69  69  69    100 100 100    43 29 23     38  38  38    188 185 183     27   8  26     48  30  21      0   0   0      0   0   0    14.0     2.6      24.6       201      30          68        1999.0     138.0    45                    117               1.0              120  70  70     183 173 166    135 119 114        5  1  1      0  15  28 220     38.25         2.1     
//
/////////////////////////////////////////// RAINY
//
// Amb            Amb_Obj        Amb_bl      Amb_Obj_bl     Dir            Sky top        Sky bot        SunCore        SunCorona      SunSz    SprSz    SprBght    Shdw    LightShd    PoleShd    FarClp    FogSt     radiosityIntensity    radiosityLimit    LightOnGround    LowCloudsRGB    TopCloudRGB    BottomCloudRGB    BlurRGB     WaterRGBA          blurAlpha    blurOffset
// Midnight
    80  80  80     95  95  95    32 32 38     24  32  50    122 129 169     13  13  13     36  31  26    255 170   0    171   0   0     6.5     1.6      24.6       174      64          45        1880.0      18.0    49                    179               1.2               90  53  46       0   0   4      1   1   9        0 30 98     13  22  35 183      39.0         2.1     
// 1AM
    88  88  88     95  95  95    29 30 36     25  32  51    117 123 156     12  11  11     36  32  27    254 212   0     88   0   0     3.7     1.5      24.6       174      64          22        1880.0      20.0    49                    179               1.2               59  36  23       0   0   2      2   2   6        0 30 98     13  19  31 201      39.0         2.1     
// 2AM
    95  95  95     95  95  95    27 28 34     26  32  52    112 117 144     11  11  10     36  33  29    255 255   0      5   0   0     1.0     1.5       5.1       148      99           0        1880.0      22.0    49                    179               1.5               30  20   0       0   0   0      3   3   3        0 30 98     14  17  28 220      39.0         2.1     
// 3AM
   103 103 103     95  95  95    24 25 32     27  32  52    108 111 131     10   9   8     36  34  31    191 191   0      3   0   0     0.9     1.5       1.0       122      98           0        1880.0       4.0    49                    179               1.5               30  20   0       4   6   6      2   2   2        0 30 98     11  18  27 219      39.0         2.1     
// 4AM
   110 110 110     95  95  95    22 23 30     28  32  53    103 105 119      9   8   7     36  35  33    127 127   0      2   0   0     0.9     1.5       1.0       122      98           0        1880.0     -12.0    49                    179               1.5               30  20   0      51  70  73     56  56  56        0 30 98      8  19  26 219      39.0         2.1     
// 5AM
   118 118 118     95  95  95    19 21 28     29  32  54     98  99 106      9   8   6     36  36  35     63  63   0      1   0   0     1.0     1.6       1.0       122      98           0        1880.0     -29.0    49                    179               1.5               29  19   0      73  88  90     79  70  61        0 30 98      5  20  25 219      39.0         2.1     
// 6AM
   126 126 126     95  95  95    17 19 26     30  33  56     94  94  94     32  30  25     37  38  37      0   0   0      0   0   0     6.3     1.6       1.0       122      98           0        1880.0     -47.0    49                    179               1.5               29  19   0      96 106 107    103  84  66        0 30 98      3  21  24 219      39.0         2.1     
// 7AM
   113 110 143     95  95  95    43 22 41     44  44  44    174 167 158     45  38  24     62  43  28      8   8   0      3   3   3    11.6     1.6       1.0       123      99           0        1880.0     -64.0    49                    179               1.5               30  20   0     119 124 124    126  98  71        0 30 98     28  23  22 220      39.0         2.1     
// 8AM
   107 105 131     95  95  95    36 22 28     53  53  45    255 240 223    148 148 148    145 121  88     45  45  31     39  33  26     8.3     1.7       1.0       123      99           0        1880.0     -51.0    48                    175               1.5               30  20   0     142 142 142    150 112  77        0 20 65     52  57  40 220      39.0         2.1     
// 9AM
   102 101 120     90  90  90    29 22 16     56  56  52    242 235 226    151 185 201    153 141  85     97  95  72     96  80  64     8.0     1.0       1.0       255     100           0        1880.0     -39.0    48                    172               0.8              100  34  25     160 160 160    199 180 163        0  9 32     59  68  49 210      39.0         2.1     
// 10AM
    98  97 109     90  90  90    23 23  4     60  60  60    230 230 230    149 177 186    162 161  82    103 100  88    108 108 108     7.5     1.0       1.0       254      50           0        1880.0     -26.0    48                    169               0.5              131  78  71     179 179 179    249 249 249        0  0  0     66  79  58 201      39.0         2.1     
// 11AM
    98  96 104    100  90  85    30 30 15     67  67  65    225 224 220    148 169 172    165 165  93    109 105  93    120 119 119     7.0     1.0       1.0       255       0          30        1880.0     -14.0    48                    169               1.0              162 122 117     198 198 198    241 238 225        0  0  0     73  90  68 192      39.0         2.1     
// Amb            Amb_Obj        Amb_bl      Amb_Obj_bl     Dir            Sky top        Sky bot        SunCore        SunCorona      SunSz    SprSz    SprBght    Shdw    LightShd    PoleShd    FarClp    FogSt     radiosityIntensity    radiosityLimit    LightOnGround    LowCloudsRGB    TopCloudRGB    BottomCloudRGB    BlurRGB     WaterRGBA          blurAlpha    blurOffset
// Midday
    98  96 100    100 100 100    37 37 27     74  74  71    220 218 211    147 161 158    168 169 104    115 110  98    133 131 130     6.4     1.0       1.0       254       0          60        1880.0      -1.0    47                    169               1.0              192 166 162     217 217 217    233 227 201        0  0  0     80 101  77 183      39.0         2.1     
// 1PM
    98  96  96    100 100 100    44 44 39     81  81  77    215 212 201    146 153 144    171 173 115    121 116 104    145 142 141     5.9     1.0       1.0       255       0          90        1880.0       0.0    48                    169               1.0              223 210 208     236 236 236    225 216 177        0  0  0     87 112  87 174      39.0         2.1     
// 2PM
    98  96  92    100 100 100    51 51 51     89  89  83    210 207 192    146 146 131    175 178 127    127 121 109    158 154 152     5.5     1.0       1.0       254       0         120        1880.0       1.0    48                    169               1.0              255 255 255     255 255 255    217 205 153        0  0  0     95 124  97 165      39.0         2.1     
// 3PM
    98  96  93    100 100 100    48 48 48     86  86  80    205 201 182    151 153 135    173 176 135    134 127 115    171 166 164     6.8     1.0       1.0       254       0         120        1880.0       3.0    48                    169               1.0              255 240 234     251 251 251    193 182 130        0  0  0    102 134 109 155      39.0         2.1     
// 4PM
    98  97  94    100 100 100    46 46 46     84  84  77    200 196 173    156 161 139    172 175 144    140 132 120    183 177 175     8.2     1.0       1.0       254       0         120        1880.0       5.0    47                    169               1.0              255 225 213     248 248 248    169 160 107        0  0  0    109 145 120 146      39.0         2.1     
// 5PM
    99  98  96    100 100 100    44 44 44     83  82  75    195 190 163    161 169 144    171 174 153    146 138 126    196 189 186     9.6     1.0       1.0       254       0         120        1880.0       6.0    47                    169               1.0              255 210 193     245 245 245    146 138  84        0  0  0    117 156 133 137      39.0         2.1     
// 6PM
    99  99  97    100 100 100    42 42 42     80  80  72    189 184 153    166 177 148    170 173 162    152 143 131    209 201 197     9.0     1.0       1.0       254       0         119        1880.0       8.0    47                    169               1.0              254 194 172     241 241 241    122 116  61        0  0  0    124 166 144 128      39.0         2.1     
// 7PM
   100 100  99    100 100 100    40 40 40     78  78  69    184 179 144    172 186 153    169 172 172    159 149 137    222 213 209     8.1     1.0       1.0       254       0         119        1880.0      10.0    47                    169               0.4              254 179 151     238 238 238     99  94  38        0  0  0    131 177 156 119      39.0         2.1     
// 8PM
   101 101 101    100 100 100    38 38 38     77  76  67    180 174 135    120 135 119    200 203 184     92  86  80    110 107 105     8.8     1.8       1.0       255       0         120        1880.0      12.0    48                    170               1.0              255 165 131     235 235 235     76  72  16        0  0  0    139 188 169 110      39.0         2.1     
// 9PM
    48  45  29    100 100 100    64 36 14     62  48  24    125  81  42    255 132   0    255 194  10    209 127  46    184 104  93     9.0     1.8       1.0       201      30          68        1880.0      13.0    48                    173               1.0               76  16   0     255 124   0    207 133   3        0 10 32     96  54   1 128      39.0         2.1     
// 10PM
    66  66  66     95  95  95    68 41 10     52  40  20    126 108 112    255  78   6    130  29   0    255 128   0    255   0   0     9.1     1.7       1.0       201      30          68        1880.0      15.0    48                    176               1.0              177   0  63     225  99   0    214  67   8        0 20 65     55  39  20 146      39.0         2.1     
// 11PM
    73  73  73    100 100 100    35 35 41     24  32  49    127 135 182     26   9   1     37  40  35    255 128   0    255   0   0     9.3     1.6       1.0       201      30          68        1880.0      17.0    49                    180               1.0              120  70  70       0   0   7      1   1  13        0 30 98     14  25  40 165      39.0         2.1     
//
/////////////////////////////////////////// EXTRACOLOURS
//
// Amb            Amb_Obj        Amb_bl      Amb_Obj_bl     Dir            Sky top        Sky bot        SunCore        SunCorona      SunSz    SprSz    SprBght    Shdw    LightShd    PoleShd    FarClp    FogSt     radiosityIntensity    radiosityLimit    LightOnGround    LowCloudsRGB    TopCloudRGB    BottomCloudRGB    BlurRGB     WaterRGBA          blurAlpha    blurOffset
// Midnight
   121 115 107     95  95  95    27 21 15     69  65  61     81  78  83      0   0   0      0   0   0    255  87   2    171   2   0     5.3     0.6       1.0       174      64           0        1999.0     100.0     3                    158               1.2              103  35  29     113 129 129    150  99  81        1  0  0     58  46  44 200      43.0         2.1     
// 1AM
   105 107 104     95  95  95    21 14  7     80  75  66     67  76  86      0   0   0      0   0   0    254  45   5     88   5   0     3.1     0.9       1.0       174      64           0        1999.0     100.0     4                    158               1.2               86  31  19      79  90  91    101  81  73        0  0  0     51  41  40 206      43.0         2.1     
// 2AM
    90  99 102     95  95  95    16  9  0     91  85  71     54  74  89      0   0   0      0   0   0    255   5   8      5   8   0     1.0     1.2       0.6        85     100           0        2000.0     100.0     4                    159               1.0               70  27  10      45  52  53     52  64  67        0  0  0     45  36  37 213      43.0         2.1     
// 3AM
   151 149 148     95  95  95    22 14  0    115 115 115    208 208 211      0   0   0      0   0   0    255   5   8      5   8   0     1.0     1.1       0.6        85     100           0        1234.0     100.0     4                    159               1.0               70  27  10      45  52  53     52  64  67        0  0  0     45  36  37 213      43.0         2.1     
// 4AM
   101  92  73     95  95  95     2  5  0     71  71  62    192 192 151     21  21  21    129 124 102    255 255   0      5   0   0     1.0     1.1       1.0       142      99           0         386.0       5.0     4                    159               1.5               30  20   0     170 174 166     49  34  10        0  0  0     49  40  44 150      43.0         2.1     
// 5AM
   101 101 101     95  95  95    26 26  1     47  46  48    153 175  98      0   0   0      0   0   0    255 155   0    255   0   0     1.0     1.0       1.0       255     100           0        1219.0     100.0     4                    159               1.0               30  20   0       0   0   0     31  42  50        0  0  0     51  41  47  80      43.0         2.1     
// 6AM
    90  87  55     95  95  95    51 31 13    113 116  96     22  16  11      0   0   0      0   0   0    255 128   0    255 128   0     1.0     1.0       1.0       250     100           0        2000.0     100.0     4                    159               1.0               30  20   0      71  71  71     86  82  83        0  0  0     53  44  51  86      43.0         2.1     
// 7AM
    85  85  64     95  95  95    48 33  6     88  85  75    152 144 112      0   0   0      0   0   0    255 128   0    255   0   0     1.0     0.4       1.0       254     100           0        2000.0      99.0     4                    158               1.0               30  20   0       0   0   0     33  42  50        0  0  0     55  46  54  92      43.0         2.1     
// 8AM
   123 123 123     95  95  95     0  0  0     79  69  65      0   0   0      0   0   0      0   0   0    255 128   0    255 128   0     1.0     0.3       0.8       247     100           0        2000.0     100.0     4                    159               1.0               30  20   0       0   0   0     50  30   0        0  0  0     58  47  58  98      43.0         2.1     
// 9AM
    90  91 131     95  95  95    20 17  0    111 113  97      0   0   0      0   0   0      0   0   0    255 128   0    255   0   0     8.3     0.3       0.6       251     100           0        2000.0      99.0     4                    158               1.0               70  27  10       0   0   0     50  43  36        0  0  0     60  49  61 105      43.0         2.1     
// 10AM
   170 164 146     90  90  90    51 32 18    139 117  82    220 225 220      0   0   0      0   0   0    255 128   0    255 128   0     8.3     0.5       0.8       252     100           0        2000.0      99.0     4                    159               0.8              100  34  25      50  50  50    120  92  88        0  0  0     62  51  65 111      43.0         2.1     
// 11AM
   116 116 116     90  90  90    22 10  0    100  82  74      3   2   1      0   0   0      0   0   0    255 128   0    255   0   0     7.4     0.5       0.8       253      50           0        2000.0     100.0     4                    159               0.5              120  40  40     100  90 100    180 100 100        0  0  0     65  54  69 117      43.0         2.1     
// Amb            Amb_Obj        Amb_bl      Amb_Obj_bl     Dir            Sky top        Sky bot        SunCore        SunCorona      SunSz    SprSz    SprBght    Shdw    LightShd    PoleShd    FarClp    FogSt     radiosityIntensity    radiosityLimit    LightOnGround    LowCloudsRGB    TopCloudRGB    BottomCloudRGB    BlurRGB     WaterRGBA          blurAlpha    blurOffset
// Midday
   147 139 126    100  90  85    47 31  5     97  97  82    118  94  51      0   0   0      0   0   0    255 128   0    255 128   0     4.4     1.0       1.2       255       0           0        2000.0     100.0     4                    158               1.0              120  40  40     180 160 180    159 142 106        0  0  0     67  60  75 124      43.0         2.1     
// 1PM
   163 163 163    100 100 100    61 36 19     81  74  55    159 142 142      0   0   0      0   0   0    255 128   0    255   0   0     4.4     1.0       0.8       252       0           0        2000.0     100.0     4                    159               1.0                0   0   0       0   0   0      0   0   0        0  0  0     69  66  82 130      43.0         2.1     
// 2PM
   100 100 100    100 100 100     5 13  3    101  89  89    181 181 181      0   0   0      0   0   0    255 128   0    255 128   0     2.5     1.0       0.3       248       0           0        2000.0     100.0     4                    159               1.0              120 100 100     230 249 255     90 126 140        0 11 10     72  72  89 137      43.0         2.1     
// 3PM
    87 105  98    100 100 100     0  2  0     87  73  71     94 101  94      0   0   0      0   0   0    255 128   0    255   0   0     2.5     1.0       0.3       245       0           0        2000.0     100.0     3                    158               1.0              120 100 100     255 255 255    120 120 120       31 22  7     74  77  96 143      43.0         2.1     
// 4PM
   107 106 120    100 100 100     9 20  0     94  91  77     65  65  54      0   0   0      0   0   0    255 128   0    255 128   0     2.5     1.0       0.2       242       0           0        2000.0     100.0     4                    158               1.0              120 100 100     255 255 255    120 120 120        2  7  0     77  83 103 149      43.0         2.1     
// 5PM
   127 115 101    100 100 100    19 10  0    106  98  98     40  40  12      0   0   0      0   0   0    255 128   0    255   0   0     2.5     1.0       0.3       239       0           0        2000.0     100.0     4                    159               1.0              120 100 100     255 255 255    120 120 120        0  0  0     80  90 110 155      43.0         2.1     
// 6PM
   138 127 126    100 100 100     5  5  5    105  93  89    255 255 255      0   0   0      0   0   0    255 128   0    255 128 120     2.5     1.0       0.3       241       0           0        2000.0     100.0     3                    158               1.0              120 100 100     255 255 255    120 120 120        9  7  0     78  83  98 162      43.0         2.1     
// 7PM
    87  81  81    100 100 100    12 12  6     80  63  57    121 118  90      0   0   0      0   0   0    255 128   0    255 120 120     2.5     0.8       0.3       243       0           0        2000.0     100.0     4                    158               1.0              120 100 100     255 255 255    120 120 120        9  6  0     76  76  86 168      43.0         2.1     
// 8PM
   111 100  89    100 100 100    35 31 14     46  40  34    160 161 147      0   0   0      0   0   0    255 128   0    255 120 120     2.7     0.8       1.3       245       0           0        2000.0     100.0     4                    159               1.0              120 100 100     255 255 255    146 106 104        1  1  0     75  69  74 174      43.0         2.1     
// 9PM
   134 116  94    100 100 100    51 39 19     67  58  56    106  76  68      0   0   0      0   0   0    255 128   0    255 120 120     7.0     0.6       0.3        85       0           0        2000.0     100.0     3                    158               0.4              120 100 100     255 255 255    173  93  88        6  4  0     73  62  62 181      43.0         2.1     
// 10PM
   149 149 149    100 100 100    30 30 15     94  82  82    116 116 137      0   0   0      0   0   0    255 128   0    255   0   0     7.5     1.0       0.0       250       0           0        2000.0     100.0     4                    158               0.5              120  40  40     172 172 140    200  80  72        4  3  0     72  56  51 187      43.0         2.1     
// 11PM
   137 124 110    100 100 100    34 27 23     59  56  57     95  81  81      0   0   0      0   0   0    255 128   0    255   0   0     7.5     0.4       1.0       252      40           0        2000.0     100.0     4                    159               0.8              120  40  40     148 168 168    200 117  88        2  1  0     65  51  47 193      43.0         2.1     
//
/////////////////////////////////////////// ULTRASUNNY
//
// Amb            Amb_Obj        Amb_bl      Amb_Obj_bl     Dir            Sky top        Sky bot        SunCore        SunCorona      SunSz    SprSz    SprBght    Shdw    LightShd    PoleShd    FarClp    FogSt     radiosityIntensity    radiosityLimit    LightOnGround    LowCloudsRGB    TopCloudRGB    BottomCloudRGB    BlurRGB     WaterRGBA          blurAlpha    blurOffset
// Midnight
    92  92 109     95  95  95    32 35 44     50  50  54    102 102 103      3   4  12     40  21  17    255 128   0    155   0   0     2.0     1.0       1.0       254      60           0        2000.0     232.0    49                    144               1.0              120  40  40     111  91  78    150 119 109        0  0  0     33  33  29  80      39.0         2.1     
// 1AM
    87  85 110     95  95  95    32 35 44     50  50  57    102 102 103      3   6  12     24  22  34    255   5   0     55   0   0     2.5     1.0       1.0         0      80           0        1993.0     274.0    49                    144               1.0              100  34  25     100  85  82     69  56  52        0  0  0     40  35  48 108      39.0         2.1     
// 2AM
    91  89 109     34  72  96    32 35 44     42  42  52    175 156 214      5   8  13     21  20  33    191   3   0     41   0   0     1.7     2.9       1.0       202     100           0        1987.0     316.0    49                    144               1.0               88  31  20      50  50  50      0   0   0        0  0  0     47  38  68 135      39.0         2.1     
// 3AM
    95  94 109     95  95  95    31 34 44     45  45  53    163 149 185      8  10  13     18  18  32    127   2   0     27   0   0     1.0     1.5       5.1       148      99           0        1980.0     240.0    49                    144               1.5               76  29  16      44  46  46      0   0   0        0  0  0     37  34  59 140      39.0         2.1     
// 4AM
   100  99 109     95  95  95    31 34 44     49  49  55    152 142 156     11  12  14     15  16  31     63   1   0     13   0   0     1.0     1.5       1.0       122      98           0        1974.0     163.0    49                    144               1.5               65  27  12      39  42  43      1   1   1        0  0  0     28  31  50 145      39.0         2.1     
// 5AM
   104 104 109     95  95  95    31 34 44     53  53  57    141 135 127     15  15  15     13  15  30      0   0   0      0   0   0     1.1     1.5       1.0       122      98           0        1968.0      87.0    49                    144               1.5               53  24   8      33  39  39      1   1   1        0  0  0     19  28  42 149      39.0         2.1     
// 6AM
   109 109 109     95  95  95    32 34 45     57  57  59    130 129  98     40  45  57     85  59  48     20  18  10     20  13  12     1.2     1.6       1.0       122      98           0        1656.0      11.0    50                    145               1.5               41  22   4      28  35  36      2   2   2        0  0  0     10  25  33 154      39.0         2.1     
// 7AM
   113 110 143     95  95  95    26 25 10     61  61  61    216 225 255     69 106 122    138 116  82    150 130  73    127  83  80    10.1     1.6       1.0       123      99           0        1344.0     -64.0    50                    159               1.5               30  20   0      23  32  33      3   3   3        1  1  0      1  22  25 160      39.0         2.1     
// 8AM
   141 133 156     95  95  95    31 31 19     56  56  27    255 243 225     99 168 188    192 174 116    202 192  36    173  96  40     7.4     1.7       1.0       255      99           0        1033.0     -50.0    27                    154               1.5               30  20   0      23  32  33      3   3   3        1  1  0    117 128 107 118      39.0         2.1     
// 9AM
   169 156 169     95  95  95    37 37 29     56  56  50    254 244 228     99 168 188    173 180 135    255 255   0    219 109   0     4.6     1.7       1.0       255      99           0        1510.0     -36.0    27                    154               1.5               30  20   0      23  32  33      3   3   3        1  1  0    102 121 101  76      39.0         2.1     
// 10AM
   197 179 182     90  90  90    43 43 39     70  70  67    254 246 231     90 205 255    154 186 155    255 128   0    255 128   0    12.6     1.0       1.0       255     100           0        1987.0     -22.0    27                    154               0.8              100  34  25      50  50  50    120  92  88        1  1  0      1  98 111  90      39.0         2.1     
// 11AM
   225 202 196     90  90  90    49 49 49     85  85  85    254 248 234     79 199 255    135 193 175    254 128   0    254 127  10    12.8     1.0       1.0       255      50           0        1696.0      -8.0    27                    154               0.5              104  47  40      91  91  91    120  97  94        2  2  0      1 105 116 104      39.0         2.1     
// Amb            Amb_Obj        Amb_bl      Amb_Obj_bl     Dir            Sky top        Sky bot        SunCore        SunCorona      SunSz    SprSz    SprBght    Shdw    LightShd    PoleShd    FarClp    FogSt     radiosityIntensity    radiosityLimit    LightOnGround    LowCloudsRGB    TopCloudRGB    BottomCloudRGB    BlurRGB     WaterRGBA          blurAlpha    blurOffset
// Midday
   219 201 195    100  90  85    53 50 46     89  87  87    254 249 238     68 193 255    116 199 195    254 128   0    254 126  21    13.0     1.0       1.0       255       0          30        1406.0       5.0    27                    154               1.0              108  60  55     132 132 132    120 103 100        2  2  0      1 112 122 118      39.0         2.1     
// 1PM
   214 201 195    100 100 100    57 51 43     93  90  90    254 251 241     58 186 254     97 206 215    254 127   0    254 125  32    13.2     1.0       1.0       254       0          60        1116.0      -1.0    27                    155               1.0              111  73  69     172 172 172    119 108 107        2  2  0      2 120 128 131      39.0         2.1     
// 2PM
   209 201 195    100 100 100    61 52 40     97  93  92    254 253 244     47 180 254     78 212 235    254 127   0    254 124  43    13.4     1.0       1.0       255       0          90        1524.0      37.0    27                    155               1.0              115  86  84     213 213 213    119 114 113        2  2  0      2 127 134 145      39.0         2.1     
// 3PM
   204 201 195    100 100 100    65 54 37    102  96  95    255 255 248     37 175 255     60 219 255    254 128   0    254 124  54    13.6     1.0       1.0       254       0         120        1932.0      44.0    26                    155               1.0              120 100 100     255 255 255    120 120 120        3  3  0      3 135 141 160      39.0         2.1     
// 4PM
   201 198 193    100 100 100    63 52 36     99  93  90    255 253 233     29 169 255     45 217 250    253 128   0    253 123  53     9.0     1.0       1.0       254       0         120        1910.0      51.0    26                    155               1.0              120 100 100     255 255 255    120 120 120        2  2  0     21 136 142 128      39.0         2.1     
// 5PM
   199 196 191    100 100 100    61 51 36     96  91  85    255 251 218     22 163 255     30 215 246    253 128   0    253 124  53     9.6     1.0       1.0       255       0         120        1888.0      42.0    27                    156               1.0              120 100 100     255 255 255    120 120 120        2  2  0     39 137 144  96      39.0         2.1     
// 6PM
   197 194 189    100 100 100    59 50 36     93  88  80    254 248 203     14 156 254     15 213 242    253 127   0    253 123  53     9.0     1.0       1.0       254       0         119        1866.0      33.0    26                    156               1.0              119  99  99     254 254 254    119 119 119        1  1  0     58 137 146  64      39.0         2.1     
// 7PM
   195 192 187    100 100 100    57 49 36     90  86  75    254 246 188      7 150 254      0 212 238    253 127   0    253 123  53     8.1     1.0       1.0       254       0         119        1844.0      24.0    26                    156               0.4              119  99  99     254 254 254    119 119 119        1  1  0     76 138 148  31      39.0         2.1     
// 8PM
   193 191 186    100 100 100    56 49 36     88  84  71    255 245 174      0 145 255    127 176 138    254 128   0    254 124  54     9.6     1.8       1.0       255       0         120        1823.0      66.0    27                    156               1.0              120 100 100     255 255 255    120 120 120        1  1  0     95 140 150   0      39.0         2.1     
// 9PM
    48  48  33    100 100 100    87 73 68     58  49  41    252 165  86    123  93 158    196 154  29    255 128   0    255   0   0    11.0     1.6       1.0       201      30          68        1584.0     107.0    31                    157               1.0              120  70  70     183 173 166    135 119 114        0  0  0    243 183 108   0      39.0         2.1     
// 10PM
    68  70  81     95  95  95    64 37 34     54  50  46    172 118  70    182  62  40    208 120  52    255 165   0    255 142  29    12.5     1.4       1.0       201      30          68        1161.0    -100.0    50                    151               1.0              120  70  70     183 173 166    135 119 114        0  0  0    135 107  59  27      39.0         2.1     
// 11PM
    98  99 109    100 100 100    32 36 44     51  51  51     92  71  54      2   3  13     57  21   0    255 128   0    255   0   0    14.0     1.2       1.0       201      30          68        1177.0     191.0    50                    145               1.0              120  70  70     183 173 166    135 119 114        0  0  0     27  31  11  54      39.0         2.1     
